              1    0.4154052753
              2    0.4160059257
              3    0.4178076733
              4    0.4208100000
              5    0.4250123484
              6    0.4304145633
              7    0.4370174806
              8    0.4448236362
              9    0.4538380712
             10    0.4640692083
             11    0.4755297835
             12    0.4882378213
             13    0.5022176517
             14    0.5175009774
             15    0.5341280057
             16    0.5521486714
             17    0.5716239852
             18    0.5926275519
             19    0.6152473122
             20    0.6395875779
             21    0.6657714426
             22    0.6939436734
             23    0.7242742151
             24    0.7569624745
             25    0.7922426031
             26    0.8303900611
             27    0.8717298426
             28    0.9166468662
             29    0.9655992234
             30    1.0191352336
             31    1.0779156373
             32    1.1427428165
             33    1.2145997665
             34    1.2947028272
             35    1.3845741798
             36    1.4861433077
             37    1.6018918723
             38    1.7350653187
             39    1.8899900309
             40    2.0725630103
             41    2.2910344527
             42    2.5573102322
             43    2.8892273962
             44    3.3147712731
             45    3.8804874282
             46    4.6699240452
             47    5.8495191729
             48    7.8052974794
             49   11.6832228219
             50   23.0714974986
             51  748.6878914394
             52   24.7126771287
             53   12.1813363451
             54    8.0918245414
             55    6.0618878202
             56    4.8478409287
             57    4.0395519008
             58    3.4623227468
             59    3.0291544837
             60    2.6918522820
             61    2.4215613632
             62    2.1999505496
             63    2.0148157920
             64    1.8577178367
             65    1.7226346405
             66    1.6051539793
             67    1.5019694419
             68    1.4105546552
             69    1.3289463037
             70    1.2555957985
             71    1.1892655284
             72    1.1289548144
             73    1.0738461021
             74    1.0232652287
             75    0.9766516532
             76    0.9335358621
             77    0.8935220164
             78    0.8562744838
             79    0.8215072862
             80    0.7889757609
             81    0.7584699228
             82    0.7298091465
             83    0.7028378818
             84    0.6774221895
             85    0.6534469301
             86    0.6308134797
             87    0.6094378732
             88    0.5892492968
             89    0.5701888677
             90    0.5522086487
             91    0.5352708558
             92    0.5193472218
             93    0.5044184820
             94    0.4904739511
             95    0.4775111610
             96    0.4655355288
             97    0.4545600237
             98    0.4446048017
             99    0.4356967778
            100    0.4278691083
            101    0.4211605601
            102    0.4156147576
            103    0.4112793074
            104    0.4082048210
            105    0.4064438792
            106    0.4060499966
            107    0.4070766702
            108    0.4095765999
            109    0.4136011722
            110    0.4192002889
            111    0.4264225951
            112    0.4353161384
            113    0.4459294556
            114    0.4583130600
            115    0.4725212848
            116    0.4886144331
            117    0.5066611921
            118    0.5267412880
            119    0.5489483841
            120    0.5733932545
            121    0.6002073044
            122    0.6295465436
            123    0.6615961641
            124    0.6965759240
            125    0.7347466010
            126    0.7764178592
            127    0.8219579822
            128    0.8718060751
            129    0.9264875461
            130    0.9866339828
            131    1.0530089707
            132    1.1265420484
            133    1.2083739543
            134    1.2999177969
            135    1.4029430750
            136    1.5196931460
            137    1.6530527515
            138    1.8067923537
            139    1.9859337335
            140    2.1973133446
            141    2.4504805384
            142    2.7591883680
            143    3.1439893486
            144    3.6370262273
            145    4.2915384199
            146    5.2025621244
            147    6.5579555842
            148    8.7883220036
            149   13.1461742577
            150   25.4567413517
            151  295.1681151413
            152   31.5890719404
            153   15.1768494599
            154   10.0655346170
            155    7.5718136197
            156    6.0944969366
            157    5.1171473927
            158    4.4225236193
            159    3.9033199057
            160    3.5004347456
            161    3.1786359346
            162    2.9156156804
            163    2.6965621298
            164    2.5112549175
            165    2.3524140450
            166    2.2147134487
            167    2.0941667058
            168    1.9877307793
            169    1.8930425539
            170    1.8082389940
            171    1.7318315143
            172    1.6626164094
            173    1.5996098195
            174    1.5419997326
            175    1.4891100352
            176    1.4403732240
            177    1.3953094389
            178    1.3535101720
            179    1.3146254798
            180    1.2783538505
            181    1.2444341040
            182    1.2126388654
            183    1.1827692655
            184    1.1546506077
            185    1.1281288027
            186    1.1030674151
            187    1.0793452046
            188    1.0568540662
            189    1.0354972972
            190    1.0151881313
            191    0.9958484931
            192    0.9774079354
            193    0.9598027288
            194    0.9429750783
            195    0.9268724478
            196    0.9114469737
            197    0.8966549566
            198    0.8824564166
            199    0.8688147053
            200    0.8556961653
            201    0.8430698301
            202    0.8309071600
            203    0.8191818085
            204    0.8078694146
            205    0.7969474189
            206    0.7863948995
            207    0.7761924257
            208    0.7663219268
            209    0.7567665749
            210    0.7475106791
            211    0.7385395912
            212    0.7298396196
            213    0.7213979527
            214    0.7132025882
            215    0.7052422707
            216    0.6975064334
            217    0.6899851467
            218    0.6826690701
            219    0.6755494090
            220    0.6686178752
            221    0.6618666509
            222    0.6552883552
            223    0.6488760142
            224    0.6426230327
            225    0.6365231691
            226    0.6305705116
            227    0.6247594564
            228    0.6190846882
            229    0.6135411610
            230    0.6081240820
            231    0.6028288949
            232    0.5976512661
            233    0.5925870705
            234    0.5876323797
            235    0.5827834494
            236    0.5780367096
            237    0.5733887538
            238    0.5688363297
            239    0.5643763309
            240    0.5600057884
            241    0.5557218630
            242    0.5515218382
            243    0.5474031139
            244    0.5433631995
            245    0.5393997088
            246    0.5355103542
            247    0.5316929415
            248    0.5279453654
            249    0.5242656049
            250    0.5206517186
            251    0.5171018417
            252    0.5136141814
            253    0.5101870137
            254    0.5068186800
            255    0.5035075844
            256    0.5002521900
            257    0.4970510167
            258    0.4939026384
            259    0.4908056805
            260    0.4877588176
            261    0.4847607714
            262    0.4818103082
            263    0.4789062373
            264    0.4760474092
            265    0.4732327134
            266    0.4704610771
            267    0.4677314632
            268    0.4650428694
            269    0.4623943260
            270    0.4597848953
            271    0.4572136696
            272    0.4546797704
            273    0.4521823472
            274    0.4497205761
            275    0.4472936591
            276    0.4449008227
            277    0.4425413173
            278    0.4402144161
            279    0.4379194141
            280    0.4356556277
            281    0.4334223933
            282    0.4312190670
            283    0.4290450236
            284    0.4268996562
            285    0.4247823751
            286    0.4226926076
            287    0.4206297973
            288    0.4185934031
            289    0.4165828993
            290    0.4145977745
            291    0.4126375315
            292    0.4107016866
            293    0.4087897692
            294    0.4069013211
            295    0.4050358967
            296    0.4031930618
            297    0.4013723938
            298    0.3995734811
            299    0.3977959228
            300    0.3960393280
            301    0.3943033161
            302    0.3925875160
            303    0.3908915660
            304    0.3892151132
            305    0.3875578138
            306    0.3859193322
            307    0.3842993411
            308    0.3826975211
            309    0.3811135606
            310    0.3795471554
            311    0.3779980086
            312    0.3764658302
            313    0.3749503371
            314    0.3734512529
            315    0.3719683073
            316    0.3705012366
            317    0.3690497828
            318    0.3676136941
            319    0.3661927241
            320    0.3647866321
            321    0.3633951828
            322    0.3620181459
            323    0.3606552963
            324    0.3593064140
            325    0.3579712836
            326    0.3566496943
            327    0.3553414400
            328    0.3540463189
            329    0.3527641336
            330    0.3514946907
            331    0.3502378009
            332    0.3489932791
            333    0.3477609437
            334    0.3465406171
            335    0.3453321251
            336    0.3441352973
            337    0.3429499666
            338    0.3417759694
            339    0.3406131451
            340    0.3394613367
            341    0.3383203900
            342    0.3371901540
            343    0.3360704805
            344    0.3349612245
            345    0.3338622435
            346    0.3327733979
            347    0.3316945506
            348    0.3306255675
            349    0.3295663166
            350    0.3285166687
            351    0.3274764969
            352    0.3264456767
            353    0.3254240859
            354    0.3244116046
            355    0.3234081150
            356    0.3224135016
            357    0.3214276508
            358    0.3204504514
            359    0.3194817938
            360    0.3185215706
            361    0.3175696764
            362    0.3166260074
            363    0.3156904619
            364    0.3147629397
            365    0.3138433426
            366    0.3129315741
            367    0.3120275392
            368    0.3111311447
            369    0.3102422990
            370    0.3093609118
            371    0.3084868947
            372    0.3076201605
            373    0.3067606238
            374    0.3059082002
            375    0.3050628071
            376    0.3042243631
            377    0.3033927880
            378    0.3025680032
            379    0.3017499313
            380    0.3009384960
            381    0.3001336225
            382    0.2993352369
            383    0.2985432668
            384    0.2977576407
            385    0.2969782885
            386    0.2962051409
            387    0.2954381299
            388    0.2946771887
            389    0.2939222512
            390    0.2931732526
            391    0.2924301289
            392    0.2916928174
            393    0.2909612560
            394    0.2902353838
            395    0.2895151407
            396    0.2888004677
            397    0.2880913064
            398    0.2873875995
            399    0.2866892906
            400    0.2859963239
            401    0.2853086447
            402    0.2846261989
            403    0.2839489333
            404    0.2832767956
            405    0.2826097340
            406    0.2819476976
            407    0.2812906363
            408    0.2806385006
            409    0.2799912418
            410    0.2793488120
            411    0.2787111637
            412    0.2780782502
            413    0.2774500257
            414    0.2768264448
            415    0.2762074627
            416    0.2755930353
            417    0.2749831193
            418    0.2743776717
            419    0.2737766504
            420    0.2731800135
            421    0.2725877201
            422    0.2719997296
            423    0.2714160020
            424    0.2708364979
            425    0.2702611784
            426    0.2696900051
            427    0.2691229401
            428    0.2685599462
            429    0.2680009865
            430    0.2674460246
            431    0.2668950247
            432    0.2663479513
            433    0.2658047696
            434    0.2652654451
            435    0.2647299438
            436    0.2641982322
            437    0.2636702770
            438    0.2631460456
            439    0.2626255058
            440    0.2621086256
            441    0.2615953737
            442    0.2610857190
            443    0.2605796309
            444    0.2600770790
            445    0.2595780336
            446    0.2590824651
            447    0.2585903444
            448    0.2581016429
            449    0.2576163320
            450    0.2571343837
            451    0.2566557705
            452    0.2561804648
            453    0.2557084398
            454    0.2552396688
            455    0.2547741254
            456    0.2543117836
            457    0.2538526176
            458    0.2533966023
            459    0.2529437123
            460    0.2524939231
            461    0.2520472101
            462    0.2516035491
            463    0.2511629163
            464    0.2507252881
            465    0.2502906411
            466    0.2498589523
            467    0.2494301990
            468    0.2490043586
            469    0.2485814090
            470    0.2481613282
            471    0.2477440945
            472    0.2473296864
            473    0.2469180827
            474    0.2465092626
            475    0.2461032052
            476    0.2456998901
            477    0.2452992971
            478    0.2449014062
            479    0.2445061977
            480    0.2441136520
            481    0.2437237497
            482    0.2433364719
            483    0.2429517996
            484    0.2425697141
            485    0.2421901971
            486    0.2418132303
            487    0.2414387957
            488    0.2410668754
            489    0.2406974518
            490    0.2403305075
            491    0.2399660253
            492    0.2396039881
            493    0.2392443790
            494    0.2388871815
            495    0.2385323790
            496    0.2381799552
            497    0.2378298941
            498    0.2374821797
            499    0.2371367962
            500    0.2367937280
            501    0.2364529598
            502    0.2361144763
            503    0.2357782624
            504    0.2354443031
            505    0.2351125838
            506    0.2347830898
            507    0.2344558068
            508    0.2341307203
            509    0.2338078164
            510    0.2334870810
            511    0.2331685003
            512    0.2328520606
            513    0.2325377485
            514    0.2322255504
            515    0.2319154533
            516    0.2316074439
            517    0.2313015093
            518    0.2309976368
            519    0.2306958136
            520    0.2303960271
            521    0.2300982650
            522    0.2298025149
            523    0.2295087648
            524    0.2292170025
            525    0.2289272162
            526    0.2286393940
            527    0.2283535244
            528    0.2280695959
            529    0.2277875969
            530    0.2275075162
            531    0.2272293426
            532    0.2269530650
            533    0.2266786726
            534    0.2264061545
            535    0.2261355000
            536    0.2258666984
            537    0.2255997392
            538    0.2253346122
            539    0.2250713069
            540    0.2248098132
            541    0.2245501211
            542    0.2242922206
            543    0.2240361017
            544    0.2237817548
            545    0.2235291702
            546    0.2232783383
            547    0.2230292497
            548    0.2227818949
            549    0.2225362648
            550    0.2222923500
            551    0.2220501416
            552    0.2218096306
            553    0.2215708080
            554    0.2213336650
            555    0.2210981930
            556    0.2208643832
            557    0.2206322272
            558    0.2204017164
            559    0.2201728426
            560    0.2199455974
            561    0.2197199726
            562    0.2194959601
            563    0.2192735519
            564    0.2190527399
            565    0.2188335164
            566    0.2186158736
            567    0.2183998037
            568    0.2181852990
            569    0.2179723521
            570    0.2177609554
            571    0.2175511016
            572    0.2173427833
            573    0.2171359932
            574    0.2169307242
            575    0.2167269691
            576    0.2165247209
            577    0.2163239727
            578    0.2161247175
            579    0.2159269485
            580    0.2157306590
            581    0.2155358422
            582    0.2153424916
            583    0.2151506006
            584    0.2149601627
            585    0.2147711715
            586    0.2145836206
            587    0.2143975037
            588    0.2142128146
            589    0.2140295472
            590    0.2138476953
            591    0.2136672529
            592    0.2134882140
            593    0.2133105728
            594    0.2131343233
            595    0.2129594597
            596    0.2127859764
            597    0.2126138677
            598    0.2124431278
            599    0.2122737514
            600    0.2121057328
            601    0.2119390666
            602    0.2117737475
            603    0.2116097701
            604    0.2114471291
            605    0.2112858193
            606    0.2111258355
            607    0.2109671727
            608    0.2108098257
            609    0.2106537896
            610    0.2104990594
            611    0.2103456302
            612    0.2101934971
            613    0.2100426553
            614    0.2098931002
            615    0.2097448270
            616    0.2095978310
            617    0.2094521077
            618    0.2093076524
            619    0.2091644608
            620    0.2090225283
            621    0.2088818506
            622    0.2087424233
            623    0.2086042420
            624    0.2084673026
            625    0.2083316007
            626    0.2081971323
            627    0.2080638933
            628    0.2079318794
            629    0.2078010868
            630    0.2076715113
            631    0.2075431491
            632    0.2074159963
            633    0.2072900491
            634    0.2071653035
            635    0.2070417558
            636    0.2069194024
            637    0.2067982394
            638    0.2066782634
            639    0.2065594706
            640    0.2064418576
            641    0.2063254207
            642    0.2062101566
            643    0.2060960618
            644    0.2059831329
            645    0.2058713665
            646    0.2057607594
            647    0.2056513082
            648    0.2055430097
            649    0.2054358607
            650    0.2053298582
            651    0.2052249988
            652    0.2051212797
            653    0.2050186976
            654    0.2049172497
            655    0.2048169329
            656    0.2047177443
            657    0.2046196811
            658    0.2045227403
            659    0.2044269192
            660    0.2043322150
            661    0.2042386249
            662    0.2041461462
            663    0.2040547762
            664    0.2039645123
            665    0.2038753520
            666    0.2037872925
            667    0.2037003315
            668    0.2036144663
            669    0.2035296946
            670    0.2034460139
            671    0.2033634217
            672    0.2032819159
            673    0.2032014939
            674    0.2031221536
            675    0.2030438926
            676    0.2029667087
            677    0.2028905998
            678    0.2028155637
            679    0.2027415983
            680    0.2026687013
            681    0.2025968709
            682    0.2025261050
            683    0.2024564015
            684    0.2023877585
            685    0.2023201740
            686    0.2022536462
            687    0.2021881733
            688    0.2021237532
            689    0.2020603843
            690    0.2019980648
            691    0.2019367928
            692    0.2018765668
            693    0.2018173850
            694    0.2017592458
            695    0.2017021474
            696    0.2016460885
            697    0.2015910673
            698    0.2015370824
            699    0.2014841322
            700    0.2014322153
            701    0.2013813302
            702    0.2013314755
            703    0.2012826499
            704    0.2012348520
            705    0.2011880804
            706    0.2011423339
            707    0.2010976112
            708    0.2010539110
            709    0.2010112322
            710    0.2009695736
            711    0.2009289339
            712    0.2008893122
            713    0.2008507074
            714    0.2008131182
            715    0.2007765438
            716    0.2007409831
            717    0.2007064351
            718    0.2006728989
            719    0.2006403735
            720    0.2006088581
            721    0.2005783518
            722    0.2005488538
            723    0.2005203633
            724    0.2004928794
            725    0.2004664014
            726    0.2004409286
            727    0.2004164603
            728    0.2003929959
            729    0.2003705346
            730    0.2003490759
            731    0.2003286192
            732    0.2003091639
            733    0.2002907095
            734    0.2002732555
            735    0.2002568015
            736    0.2002413468
            737    0.2002268913
            738    0.2002134343
            739    0.2002009757
            740    0.2001895150
            741    0.2001790519
            742    0.2001695862
            743    0.2001611175
            744    0.2001536457
            745    0.2001471706
            746    0.2001416919
            747    0.2001372096
            748    0.2001337234
            749    0.2001312334
            750    0.2001297394
            751    0.2001292414
