              1  272.3977198400
              2  474.2156705991
              3  496.7935682164
              4  128.0152729853
              5   65.4749001336
              6   48.1296652860
              7   51.1288627967
              8   40.7364828608
              9   14.5600630646
             10   31.7694491553
             11   28.1268103705
             12   32.8165832868
             13   15.4476749296
             14    7.8008403494
             15   13.8039330346
             16    9.6440632486
             17   16.5545462258
             18   12.5671470748
             19   15.8267139296
             20   22.2762986956
             21    9.7232671706
             22   28.6769263342
             23   12.1308049350
             24   28.7343673367
             25   16.7458468232
             26   21.1161382628
             27   15.5640779277
             28   11.5790923422
             29   14.8901915391
             30    6.7570027411
             31    4.7209405168
             32   31.2146587615
             33   25.0781864464
             34    6.3117936078
             35   12.2087608148
             36   17.3119410295
             37   37.0203313878
             38   26.9194129050
             39   31.3744701502
             40   19.8475547950
             41   19.2754358247
             42   11.1532949761
             43    4.7424728227
             44   17.8465475722
             45   19.3217688140
             46   27.3946158345
             47   20.9288271235
             48   19.7608344144
             49   24.3674589817
             50   22.0108088884
             51   39.3094028186
             52   30.3377511435
             53    6.0801142664
             54    9.3935316168
             55   14.2166016005
             56   13.8356562766
             57   19.7364566496
             58   15.6732615982
             59   20.5390098014
             60   13.5353339454
             61    6.2227895623
             62    4.3407691640
             63    6.2370958537
             64   19.6939462528
             65    9.5630722482
             66   22.7132529629
             67   14.9690059992
             68   17.7752285742
             69   13.0295088767
             70    9.9802402556
             71    9.8032781412
             72   11.1339254097
             73    3.2833282548
             74   13.5247690509
             75   11.0895839506
             76    9.8038768766
             77   16.6248552288
             78   12.3812224536
             79   24.2618013546
             80   14.0646974973
             81    2.1743882876
             82   14.0218621526
             83   10.1737797539
             84   21.8729351338
             85   15.0893182339
             86   11.8245721792
             87   16.4921175887
             88   19.2279653804
             89   26.8381928360
             90    2.4274112787
             91   16.0892185848
             92   26.8837655411
             93   17.9772911025
             94   20.0138530051
             95    6.4721814963
             96   14.1997306248
             97    5.1965274901
             98   27.8356864232
             99   13.0195517806
            100   13.4461857450
            101    3.0013970208
            102    1.9866448225
            103   18.3168142452
            104    7.9782536046
            105   19.4805179968
            106    8.5962464905
            107   11.9919580377
            108   19.9556161596
            109    9.8663914182
            110    4.7121361317
            111    5.9831804206
            112   12.2447496692
            113   18.5943318509
            114   26.6962679240
            115    9.4902343647
            116   11.5113472045
            117   20.3170653239
            118   23.6065787736
            119   19.2047192827
            120   10.7187664013
            121   15.8056283018
            122   10.8573459727
            123    9.8022949070
            124   16.8132407649
            125   16.2844597377
            126    9.0822672108
            127   16.4679840127
            128   12.6736681088
            129   16.4004794028
            130    7.1383501329
            131    7.0576111126
            132   15.5293898755
            133   20.1771095494
            134   12.9791771101
            135   29.5662901148
            136   15.4347035066
            137    3.0704105423
            138   11.7993909140
            139   13.1979491759
            140   11.3126526862
            141    8.4424734016
            142   19.7416307756
            143   11.0407031313
            144    7.5233791405
            145   16.2040973053
            146   10.1589414392
            147   13.3725869630
            148    6.2151273182
            149    9.7662161482
            150    4.7657728855
            151   17.9699058632
            152   24.2164797899
            153   13.8383187016
            154   19.4483575695
            155   27.7162274792
            156    5.0754569627
            157   17.5962512316
            158   21.4023208940
            159   24.1477213970
            160   22.2120396566
            161    2.3014921303
            162   12.6443703527
            163   33.3013379012
            164   16.6455246197
            165   15.0594676693
            166    9.0612917690
            167   18.6411229201
            168   17.3129690279
            169   23.1414426675
            170   10.8838267463
            171   20.8631352315
            172   20.4406870036
            173   13.9496780028
            174   26.6348131608
            175    2.7631627065
            176   12.7030221574
            177    7.2684179034
            178    8.7506388514
            179   11.3270301235
            180   24.8500376855
            181   16.5047336931
            182   11.5182398802
            183   23.3618310602
            184    7.2531571855
            185   12.7751317300
            186   25.8431950924
            187   15.3463435576
            188    5.2451570959
            189   17.5272027294
            190    5.1315308154
            191    4.6659325345
            192   28.0442481792
            193   11.0354488175
            194   15.9112859190
            195   11.9819254845
            196   18.3595056689
            197   22.4112899802
            198    9.5527227933
            199    8.0061886077
            200   12.9386428440
            201   18.7470531503
            202   19.9495502017
            203   15.7362376038
            204   20.8120309537
            205   17.9160789402
            206    7.8077279453
            207    9.2278746158
            208    4.0514432287
            209    9.4508195354
            210   20.1974437654
            211   28.4955828081
            212    5.4105714256
            213   16.8477907197
            214   12.0071929805
            215    9.5157464898
            216   14.7712003498
            217   31.9774497538
            218    9.9735230420
            219   19.9980429071
            220   15.8467547643
            221    4.6290108876
            222    5.3851410665
            223    6.3555963351
            224   15.0710491702
            225    6.5420757817
            226   10.5939120392
            227   16.4422650378
            228    1.9770798861
            229    3.8928895532
            230   15.4581736983
            231   18.6817392094
            232    9.0923761015
            233    5.1482540641
            234   10.2306635761
            235    8.3757063233
            236   22.5402970876
            237   19.3409356059
            238    5.5037787040
            239   27.6914966571
            240   15.3485027504
            241    4.4673392133
            242   19.5180458866
            243   30.1334978147
            244   15.7189333081
            245    3.7653340921
            246   14.4700850815
            247    7.0868824072
            248   22.4581552010
            249   12.0119676087
            250   19.2851812203
            251    5.4444968823
            252   19.3351933872
            253    3.0346552239
            254    5.7193995147
            255   10.7291608163
            256   15.9366859792
            257   22.4380604790
            258    7.5610049316
            259   11.2629710454
            260    2.3625703981
            261    6.6432404763
            262   22.4821337176
            263    6.2435786278
            264   13.1532744108
            265    7.7039983087
            266   10.2709109312
            267   24.2079856766
            268   12.7138565230
            269   11.2541862432
            270   18.5961273398
            271   10.1131355436
            272    4.2853932206
            273   36.1809430578
            274    8.2056344116
            275   22.8641272343
            276    4.3592575180
            277   14.6461878312
            278   18.6309950043
            279    8.7372020559
            280    3.4550362204
            281    6.9784575036
            282   10.7456046536
            283   10.1323218171
            284   19.7217603216
            285    6.2793171852
            286   19.0703918388
            287   35.9728848110
            288   20.1180034457
            289    8.2391869306
            290    7.8123551124
            291    8.9366803647
            292   11.5832943214
            293   14.4983829619
            294    5.9932478250
            295   18.6224592699
            296   13.3678849343
            297   15.0663159778
            298    2.8454827603
            299   24.7636173401
            300   27.3911332215
            301    4.5147552423
            302   16.9710316695
            303   16.5149610991
            304   11.6797124254
            305    6.4363268541
            306    6.4425292077
            307   17.1095369610
            308   22.7530810878
            309   10.9009394644
            310    5.7867751576
            311   10.5695795827
            312   29.7243284101
            313   14.9992477501
            314    7.1577220328
            315    9.8686325394
            316   30.4957243868
            317   12.9663088668
            318   17.2870065060
            319   13.6994487683
            320   18.9363534503
            321   16.7695456003
            322    5.4996169654
            323   10.8047651516
            324   15.4690247930
            325    8.3512374984
            326   10.8723878885
            327   11.0609215848
            328   10.5029402049
            329   11.6126389949
            330   38.9816959340
            331   12.7063293000
            332   15.9106600609
            333   22.0123314046
            334   14.0415844747
            335   18.6391576691
            336   21.5902054435
            337   31.0281450387
            338   13.5309422413
            339   13.0973041957
            340   21.1529380186
            341    8.5498705341
            342    5.3372730633
            343   11.1000737520
            344   21.5235481484
            345   19.0501948120
            346    6.9564235147
            347   23.6292604332
            348   18.3778188724
            349    5.6426098414
            350   19.2731751326
            351   16.9303689820
            352    2.2772240047
            353   14.3561567412
            354   20.1529027148
            355   14.7186022767
            356   22.1640280244
            357    7.9663786427
            358    9.3880116956
            359   13.0821624818
            360    3.0079491484
            361    2.3991890231
            362    3.6949467484
            363    7.9066313047
            364   14.4099303251
            365    9.6350782070
            366    5.9250478792
            367   20.8316080703
            368   16.3546456936
            369   19.1991954853
            370    7.5526777207
            371    6.3756193048
            372   12.1300133496
            373    8.9446386468
            374   16.2948357120
            375    7.1317853000
            376   16.4674444496
            377   13.0512752892
            378   20.8937188468
            379    4.5516100397
            380    9.7783377350
            381    5.0869750376
            382    4.4140877611
            383   22.8571174240
            384    2.4749542889
            385   14.7498214395
            386   18.9384348123
            387    4.4874877393
            388    7.8906806524
            389   15.1737700602
            390    9.4876584610
            391   22.7368814327
            392   20.7580070861
            393   11.6048624863
            394    1.4745255562
            395   16.5092021147
            396   19.2556487198
            397   16.5600008755
            398   23.8331997747
            399   15.6937468328
            400   13.8944086379
            401   17.5959487909
            402    8.9744625113
            403   14.3108725113
            404   11.7456529607
            405   11.7222249794
            406   27.7512545109
            407   16.7988251504
            408   16.5286543586
            409   12.0880541651
            410   20.0424912526
            411   14.6969793410
            412   14.0084641221
            413    7.8098858608
            414   13.1699580151
            415    3.9528519186
            416    7.3516526180
            417   10.5421382170
            418   24.3035734138
            419   13.3353778731
            420   10.7499447183
            421   19.4805164399
            422   21.3556000330
            423    9.2200484844
            424   15.5074049264
            425    1.4258670804
            426   13.1922639117
            427   22.1186769827
            428   27.0090728531
            429   16.5588339721
            430   14.0557791152
            431   17.2190167736
            432   13.9124429319
            433   18.0833553045
            434   11.9114374827
            435   18.3462670009
            436   13.6874403397
            437   22.3365823954
            438   19.1378962417
            439   19.5842667108
            440   15.2551371487
            441   11.9849688151
            442    7.5669629387
            443   27.6469082155
            444    6.1727993182
            445   11.1761116666
            446   21.3711549217
            447   11.6441656416
            448    4.2138163768
            449    4.3914488598
            450   14.5732122229
            451   27.6883901576
            452    9.4940568147
            453   10.2481879484
            454   11.8435143140
            455    5.4028952029
            456   17.1389646427
            457   14.7439751871
            458   15.9247926082
            459   21.6294107016
            460    9.6943065371
            461   13.1847637268
            462   19.1186918421
            463   15.2786562504
            464   17.9148582749
            465   15.5162365487
            466    2.9218511988
            467    9.3264626056
            468   17.6825116449
            469   36.2913423370
            470    9.6111968418
            471   24.9874355095
            472    3.6072096272
            473    6.6754407852
            474    9.7382545535
            475    7.5396739944
            476    9.8447929461
            477   19.7972028373
            478   24.0972806905
            479    9.5213503798
            480    6.8265066602
            481    2.2004899719
            482    9.3853526927
            483    4.6142834062
            484   20.5100168494
            485    7.1394190732
            486    8.2605266901
            487   24.5698922973
            488   13.9433181454
            489   23.9671023346
            490   30.8410101198
            491   17.2276655752
            492   21.7863965698
            493   16.5522179110
            494   12.1737977939
            495   21.3102955987
            496   22.1438153833
            497   20.5198551956
            498   13.4337510291
            499   16.9845187176
            500   17.1885927198
            501   12.1443723832
            502    9.9990472757
            503   15.8906325138
            504    2.6995497600
            505   20.2285752233
            506   13.5979240783
            507    6.0386693060
            508    9.6295244204
            509    8.1118854386
            510   26.3463754289
            511   17.2306696963
            512   20.8387848836
            513   16.2801825318
            514   12.6162635088
            515   21.4497655641
            516   12.1441776726
            517   12.3662911725
            518   14.7454057608
            519    2.8914429526
            520   13.5078955593
            521   18.5109869509
            522   13.3785771743
            523    1.9249482793
            524   12.3847309107
            525   15.7724006748
            526   13.9306276954
            527   28.1984956264
            528   16.4386913978
            529    8.4453135040
            530    7.0220031659
            531   10.1987794621
            532   16.3650936327
            533   10.1592486065
            534   12.3809578212
            535   26.3600993815
            536    6.8232286974
            537   18.3964936514
            538    5.6787004665
            539   17.1506806212
            540   16.3347072335
            541   26.1622567916
            542    4.1841198305
            543    2.4096475398
            544   36.0163545941
            545    4.1680751456
            546    9.5737750566
            547    7.3891634085
            548    9.4731536988
            549   17.5826711805
            550    6.7944154367
            551   11.7459047365
            552   15.3114811693
            553   12.3805754253
            554    3.2842877201
            555    3.8722916586
            556   19.1587783785
            557   15.6793365826
            558   11.2230118327
            559    6.9515266191
            560    4.2504673000
            561   17.7408259373
            562   19.8467151301
            563   25.5861048892
            564   10.7421072405
            565    5.9134762766
            566   19.6045036328
            567   15.2216297740
            568   16.7841155945
            569   19.6807765020
            570   17.3599419986
            571   11.8115376018
            572    9.3423908816
            573    6.3270351738
            574   21.3643230618
            575    1.5943892315
            576   24.5954948392
            577    7.2948058436
            578   21.9838701541
            579    9.4074557845
            580   13.0066188469
            581   15.9531692027
            582    8.2874336646
            583    9.2643293265
            584    6.6958785047
            585    3.7837028700
            586   16.7988931646
            587    5.8299525066
            588   12.6251566463
            589   15.1106093372
            590    5.7272547698
            591    9.2640447202
            592   15.5918679290
            593    3.7179312494
            594   19.3174951181
            595   17.9733805066
            596   13.2733338237
            597   22.5006223508
            598   23.6196444982
            599   13.4903132764
            600   20.9540813742
            601   12.8001253318
            602    8.8593460060
            603    8.0345101856
            604    2.3032302821
            605    4.1580850858
            606   14.1473476763
            607   13.0684053446
            608   17.9390592407
            609    8.5960527501
            610    8.8044317298
            611   20.5053791883
            612   15.7840827717
            613   12.6821796270
            614    4.4407021631
            615    7.0683853681
            616   11.5636839678
            617    8.8120930640
            618   11.5120789343
            619   27.7997878786
            620    4.8162850361
            621    6.2567302963
            622    5.3148114808
            623   18.9224903077
            624   22.9064577004
            625   20.4196686513
            626   18.0877865921
            627   21.4472897991
            628    7.5864687839
            629    2.5837926828
            630   21.8957195653
            631   18.2783179937
            632    1.6133594684
            633    8.5217993255
            634    1.7022150241
            635   18.1695990083
            636    8.7405916561
            637   27.6584094385
            638    8.6836570305
            639   18.1064557833
            640    9.1871219792
            641    4.5753652323
            642   24.9915447228
            643   14.8916967991
            644   14.3817043194
            645   17.5956740481
            646   13.9989300545
            647    6.8644701742
            648   14.9594698975
            649    7.9691847056
            650   18.8002753732
            651    7.1632972552
            652   20.1919802588
            653    2.1891766242
            654   13.0052544894
            655   14.9296804223
            656    1.7251068794
            657   14.9412596802
            658    7.3231424054
            659    9.4769368310
            660   16.0010659795
            661    8.1276102080
            662   26.6453428799
            663   15.4913527416
            664    7.5076313459
            665   28.4570616223
            666   17.9188465188
            667   14.2560661875
            668   11.0139804793
            669    1.8957467189
            670   12.2024401873
            671   18.3354386010
            672   18.7886195184
            673    4.2577605737
            674    2.0591597338
            675    8.3429016440
            676    8.3145105836
            677   15.3230991289
            678   10.6184876623
            679   10.8134467111
            680   20.8702474997
            681   16.7080937944
            682    8.1682906581
            683   19.4488612365
            684   19.3535479931
            685   14.3649875181
            686    9.7240860772
            687    5.0282097453
            688   11.5269711186
            689   19.0298104747
            690    2.7795747503
            691   24.7065917014
            692   12.8005815406
            693    6.3063771690
            694   27.7951346062
            695    4.6151598854
            696    7.7851836920
            697    8.1841256883
            698   34.2375318382
            699    3.6883780250
            700   10.3356315984
            701   16.7139915517
            702   14.9721869365
            703    6.5207243500
            704   14.1187626341
            705   13.1305976882
            706   18.0068778467
            707   15.2894593398
            708   16.6970310567
            709   27.5403244510
            710   12.7833344002
            711   21.9034782833
            712   19.9276120855
            713    4.9328945649
            714   20.3830150234
            715    4.1991375432
            716    8.2672448187
            717    6.2028879185
            718   15.0888719908
            719   11.0432674046
            720   17.5301941050
            721   24.5940971743
            722    8.8980650146
            723    6.7513545704
            724   13.0893923626
            725    6.6612893857
            726   15.3268640562
            727   11.3062371899
            728   16.1945008763
            729   36.5040892081
            730   11.4409825763
            731   11.0918621660
            732   11.2832398848
            733    9.7477660807
            734   28.1293953465
            735   19.2470435462
            736    1.7848292496
            737    8.4268532250
            738   17.7742073486
            739   18.2479726929
            740   13.1594009052
            741    5.0940813943
            742   12.2513487230
            743    7.5161615480
            744   17.6700141833
            745   15.3780295540
            746    7.7446310791
            747   19.0745324063
            748   12.6026871709
            749    5.8991206629
            750   34.5784509483
            751   24.7589101915
